{0: {1: 376, 0: 205, 3: 68, 2: 196}, 1: {0: 94, 2: 304, 1: 272, 3: 175}, 2: {0: 93, 1: 327, 2: 260, 3: 165}, 3: {1: 525, 0: 117, 2: 159, 3: 44}, 4: {0: 133, 2: 328, 1: 250, 3: 134}}
tensor([[0.1784, 0.0973, 0.1866, 0.5378],
        [0.4562, 0.1577, 0.1411, 0.2451],
        [0.4534, 0.1289, 0.1622, 0.2555],
        [0.2166, 0.0483, 0.1594, 0.5758],
        [0.3413, 0.1816, 0.1384, 0.3387]])
tensor([[ 4.1220,  2.2473,  4.3112, 12.4265],
        [ 8.9894,  3.1066,  2.7796,  4.8286],
        [ 9.0860,  2.5841,  3.2500,  5.1212],
        [ 7.2222,  1.6095,  5.3145, 19.2045],
        [ 6.3534,  3.3800,  2.5762,  6.3060]])
tensor([0.5091, 0.2068, 0.1185, 0.1655])
Traceback (most recent call last):
  File "dataset.py", line 291, in <module>
    g_std += (data[1,:,:,:]/255.0).std()
KeyboardInterrupt
{0: {1: 376, 0: 205, 3: 68, 2: 196}, 1: {0: 94, 2: 304, 1: 272, 3: 175}, 2: {0: 93, 1: 327, 2: 260, 3: 165}, 3: {1: 525, 0: 117, 2: 159, 3: 44}, 4: {0: 133, 2: 328, 1: 250, 3: 134}}
tensor([[0.1784, 0.0973, 0.1866, 0.5378],
        [0.4562, 0.1577, 0.1411, 0.2451],
        [0.4534, 0.1289, 0.1622, 0.2555],
        [0.2166, 0.0483, 0.1594, 0.5758],
        [0.3413, 0.1816, 0.1384, 0.3387]])
tensor([[ 4.1220,  2.2473,  4.3112, 12.4265],
        [ 8.9894,  3.1066,  2.7796,  4.8286],
        [ 9.0860,  2.5841,  3.2500,  5.1212],
        [ 7.2222,  1.6095,  5.3145, 19.2045],
        [ 6.3534,  3.3800,  2.5762,  6.3060]])
tensor([0.5091, 0.2068, 0.1185, 0.1655])
0.2248097480710089 0.22310261820724026
0.20807238790322338 0.21399778874491798
0.19292545753735058 0.2083013139885558
{0: {0: 64, 2: 69, 1: 122, 3: 36}, 1: {1: 79, 3: 83, 2: 103, 0: 26}, 2: {0: 25, 3: 67, 2: 88, 1: 111}, 3: {1: 154, 2: 75, 0: 40, 3: 22}, 4: {1: 78, 3: 59, 2: 109, 0: 45}}
tensor([[0.2364, 0.1240, 0.2193, 0.4203],
        [0.5278, 0.1737, 0.1332, 0.1653],
        [0.5312, 0.1196, 0.1509, 0.1982],
        [0.2769, 0.0719, 0.1477, 0.5035],
        [0.3633, 0.2096, 0.1500, 0.2771]])
tensor([[ 4.5469,  2.3852,  4.2174,  8.0833],
        [11.1923,  3.6835,  2.8252,  3.5060],
        [11.6400,  2.6216,  3.3068,  4.3433],
        [ 7.2750,  1.8896,  3.8800, 13.2273],
        [ 6.4667,  3.7308,  2.6697,  4.9322]])
tensor([0.4628, 0.2670, 0.1177, 0.1526])
0.25430422639826317 0.23516547613332361
0.23537856145822716 0.2261156951080483
0.22046483706209258 0.2240418997365994
